offset:
  head_pan: -0.06981317007977318
  head_tilt: -0.4433136300065597
  l_ank_pitch: 0.08447393579652554
  l_ank_roll: 0.1289798317223809
  l_el: 0
  l_hip_pitch: -0.07819075048934614
  l_hip_roll: -0.0326376570122939
  l_hip_yaw: 0.03577924966588408
  l_knee: 0.01204277183876088
  l_sho_pitch: 0
  l_sho_roll: 0.05061454830783556
  r_ank_pitch: 0.1748819910498318
  r_ank_roll: -0.1764527873766267
  r_el: 0
  r_hip_pitch: 0.1153662635568252
  r_hip_roll: 0.04276056667386112
  r_hip_yaw: 0.09826203688728086
  r_knee: 0.02548180707911754
  r_sho_pitch: 0
  r_sho_roll: -0.08429940287132612
init_pose_for_offset_tuner:
  head_pan: 0
  head_tilt: 0
  l_ank_pitch: 0
  l_ank_roll: 0
  l_el: 0
  l_hip_pitch: 0
  l_hip_roll: 0
  l_hip_yaw: 0
  l_knee: 0
  l_sho_pitch: 0
  l_sho_roll: 0
  r_ank_pitch: 0
  r_ank_roll: 0
  r_el: 0
  r_hip_pitch: 0
  r_hip_roll: 0
  r_hip_yaw: 0
  r_knee: 0
  r_sho_pitch: 0
  r_sho_roll: 0